P1 :4761.516039
P2 :3660.792207
P3 :3191.651516